RandomForest
[0.5121373544745229, 0.4951100520931842, 0.48850602070777915, 0.4865771585032664, 0.4855276558535218, 0.48517126490439333, 0.4852429051758055, 0.48516683287382867]
AdaBoost
[0.4981542643350682, 0.4982125512377439, 0.4986737916774624, 0.4990191277502694, 0.4987815753230727, 0.4982450857512675, 0.49832299735160956, 0.49907712813652455]
Bagging Regression
[0.49753209000963794, 0.49744353966777693, 0.4964671126497189, 0.4975466146762769, 0.4982300109794194, 0.4979744607797344, 0.49858184095775887, 0.4984195420276712]
Extra Trees Regression
[0.513557131028434, 0.49854196330265654, 0.4915068486804852, 0.4898408170822709, 0.48775987312934976, 0.4865230686390193, 0.48557005692662925, 0.48486004339969213]
Gradient Boosting Regression
[0.49718693009158504, 0.4874113674145476, 0.4847150558026631, 0.4844930398826673, 0.48495746347120816, 0.48601597406787145, 0.4869924377891362, 0.48922871455000594]
Linear Regression
[0.4909239743564632, 0.4909239743564632, 0.4909239743564632, 0.4909239743564632, 0.4909239743564632, 0.4909239743564632, 0.4909239743564632, 0.4909239743564632]
SVM

